10
0	2	1
0	1	
0	
1
0	0	0
1	6	5
2	3	4	5	6	7	
1	2	3	4	5	
15
1	6	1
2	7	1
3	1	3
4	5	3
5	7	3
6	0	4
7	2	4
8	4	4
9	5	4
10	6	4
11	0	5
12	2	5
13	4	5
14	5	5
15	6	5
2	6	4
8	9	10	11	12	13	
6	7	8	9	
16
16	2	6
17	4	6
18	5	6
19	6	6
20	10	6
21	11	6
22	12	6
23	13	6
24	9	7
25	10	8
26	2	9
27	3	9
28	5	9
29	9	9
30	12	9
31	13	9
3	1	7
14	
10	11	12	13	14	15	16	
42
32	6	10
33	7	10
34	10	10
35	14	10
36	0	11
37	0	12
38	1	12
39	2	12
40	11	12
41	13	12
42	2	13
43	3	13
44	9	13
45	10	13
46	11	13
47	12	13
48	13	13
49	0	14
50	1	14
51	2	14
52	4	14
53	10	14
54	13	14
55	0	15
56	1	15
57	3	15
58	5	15
59	8	15
60	9	15
61	10	15
62	11	15
63	12	15
64	14	15
65	0	16
66	1	16
67	3	16
68	4	16
69	7	16
70	8	16
71	9	16
72	11	16
73	12	16
4	1	6
15	
17	18	19	20	21	22	
41
74	1	17
75	4	17
76	8	17
77	12	17
78	13	17
79	14	17
80	15	17
81	5	18
82	7	18
83	8	18
84	9	18
85	10	18
86	1	19
87	2	19
88	3	19
89	5	19
90	8	19
91	9	19
92	13	19
93	15	19
94	1	20
95	2	20
96	4	20
97	5	20
98	6	20
99	7	20
100	8	20
101	9	20
102	12	20
103	13	20
104	4	21
105	5	21
106	6	21
107	8	21
108	9	21
109	12	21
110	13	21
111	14	21
112	4	22
113	10	22
114	13	22
5	8	1
16	17	18	19	20	21	22	23	
23	
4
115	9	23
116	10	23
117	13	23
118	18	23
6	8	7
24	25	26	27	28	29	30	31	
24	25	26	27	28	29	30	
50
119	18	24
120	19	24
121	20	24
122	21	24
123	22	24
124	24	24
125	26	24
126	27	24
127	28	24
128	31	24
129	17	25
130	21	25
131	24	25
132	25	25
133	22	26
134	24	26
135	30	26
136	18	27
137	19	27
138	20	27
139	21	27
140	22	27
141	23	27
142	24	27
143	26	27
144	30	27
145	31	27
146	18	28
147	21	28
148	22	28
149	23	28
150	25	28
151	27	28
152	29	28
153	30	28
154	20	29
155	22	29
156	23	29
157	26	29
158	27	29
159	29	29
160	30	29
161	31	29
162	17	30
163	19	30
164	20	30
165	25	30
166	28	30
167	30	30
168	31	30
7	7	1
32	33	34	35	36	37	38	
31	
9
169	25	31
170	26	31
171	27	31
172	28	31
173	29	31
174	30	31
175	31	31
176	34	31
177	36	31
8	5	3
39	40	41	42	43	
32	33	34	
16
178	30	32
179	35	32
180	36	32
181	37	32
182	38	32
183	40	32
184	41	32
185	43	32
186	29	33
187	32	33
188	35	33
189	40	33
190	42	33
191	30	34
192	40	34
193	41	34
9	4	3
44	45	46	47	
35	36	37	
16
194	34	35
195	40	35
196	38	36
197	40	36
198	41	36
199	42	36
200	45	36
201	33	37
202	35	37
203	36	37
204	38	37
205	39	37
206	42	37
207	44	37
208	45	37
209	47	37
