15
0	2	1
0	1	
0	
1
0	0	0
1	1	5
2	
1	2	3	4	5	
3
1	2	4
2	0	5
3	2	5
2	1	4
3	
6	7	8	9	
2
4	0	6
5	2	7
3	1	2
4	
10	11	
4
6	0	10
7	2	10
8	3	10
9	4	10
4	2	5
5	6	
12	13	14	15	16	
10
10	1	12
11	0	13
12	3	13
13	4	13
14	5	13
15	2	14
16	3	14
17	5	14
18	6	14
19	6	16
5	5	2
7	8	9	10	11	
17	18	
8
20	5	17
21	8	17
22	10	17
23	3	18
24	5	18
25	7	18
26	8	18
27	11	18
6	3	3
12	13	14	
19	20	21	
8
28	5	19
29	9	20
30	11	20
31	12	20
32	5	21
33	6	21
34	10	21
35	12	21
7	3	2
15	16	17	
22	23	
9
36	9	22
37	11	22
38	13	22
39	14	22
40	16	22
41	8	23
42	10	23
43	14	23
44	17	23
8	5	3
18	19	20	21	22	
24	25	26	
8
45	15	24
46	18	24
47	22	24
48	15	25
49	18	25
50	19	25
51	14	26
52	19	26
9	2	1
23	24	
27	
4
53	16	27
54	19	27
55	21	27
56	23	27
10	5	3
25	26	27	28	29	
28	29	30	
11
57	21	28
58	22	28
59	24	28
60	22	29
61	23	29
62	24	29
63	27	29
64	28	29
65	20	30
66	23	30
67	28	30
11	4	3
30	31	32	33	
31	32	33	
11
68	24	31
69	29	31
70	26	32
71	28	32
72	29	32
73	31	32
74	32	32
75	25	33
76	26	33
77	27	33
78	33	33
12	1	5
34	
34	35	36	37	38	
16
79	27	34
80	29	34
81	30	34
82	31	34
83	32	34
84	26	35
85	27	36
86	26	37
87	28	37
88	31	37
89	34	37
90	26	38
91	28	38
92	29	38
93	30	38
94	31	38
13	3	5
35	36	37	
39	40	41	42	43	
12
95	30	39
96	28	40
97	29	40
98	30	40
99	32	40
100	37	40
101	30	41
102	36	42
103	28	43
104	31	43
105	34	43
106	36	43
14	5	3
38	39	40	41	42	
44	45	46	
11
107	36	44
108	33	45
109	35	45
110	36	45
111	38	45
112	40	45
113	34	46
114	35	46
115	38	46
116	40	46
117	41	46
