20
0	1	1
0	
0	
0
1	3	3
1	2	3	
1	2	3	
1
0	0	3
2	5	4
4	5	6	7	8	
4	5	6	7	
10
1	1	4
2	8	4
3	0	5
4	6	5
5	8	5
6	0	6
7	1	6
8	3	6
9	5	6
10	7	7
3	3	1
9	10	11	
8	
4
11	3	8
12	4	8
13	7	8
14	8	8
4	2	1
12	13	
9	
1
15	7	9
5	4	3
14	15	16	17	
10	11	12	
13
16	13	10
17	16	10
18	17	10
19	8	11
20	10	11
21	12	11
22	13	11
23	16	11
24	8	12
25	12	12
26	14	12
27	16	12
28	17	12
6	1	3
18	
13	14	15	
11
29	9	13
30	12	13
31	15	13
32	16	13
33	14	14
34	17	14
35	18	14
36	10	15
37	13	15
38	14	15
39	18	15
7	4	5
19	20	21	22	
16	17	18	19	20	
13
40	18	16
41	22	16
42	21	17
43	14	18
44	16	18
45	18	18
46	22	18
47	13	19
48	17	19
49	16	20
50	17	20
51	19	20
52	20	20
8	5	4
23	24	25	26	27	
21	22	23	24	
13
53	19	21
54	23	21
55	19	22
56	21	22
57	18	23
58	20	23
59	22	23
60	24	23
61	27	23
62	20	24
63	21	24
64	23	24
65	27	24
9	4	4
28	29	30	31	
25	26	27	28	
12
66	24	25
67	23	26
68	24	26
69	28	26
70	30	26
71	23	27
72	26	27
73	28	27
74	30	27
75	31	27
76	23	28
77	26	28
10	4	3
32	33	34	35	
29	30	31	
7
78	28	29
79	29	29
80	33	29
81	29	30
82	34	30
83	26	31
84	31	31
11	1	2
36	
32	33	
8
85	31	32
86	32	32
87	34	32
88	28	33
89	29	33
90	30	33
91	35	33
92	36	33
12	1	5
37	
34	35	36	37	38	
18
93	30	34
94	32	34
95	33	34
96	34	34
97	35	34
98	29	35
99	30	35
100	33	35
101	30	36
102	31	36
103	34	36
104	29	37
105	34	37
106	29	38
107	31	38
108	32	38
109	33	38
110	34	38
13	2	3
38	39	
39	40	41	
7
111	32	39
112	30	40
113	31	40
114	32	40
115	34	40
116	39	40
117	32	41
14	2	3
40	41	
42	43	44	
10
118	37	42
119	40	42
120	32	43
121	35	43
122	37	43
123	38	43
124	40	43
125	34	44
126	35	44
127	36	44
15	5	3
42	43	44	45	46	
45	46	47	
9
128	44	45
129	38	46
130	39	46
131	42	46
132	45	46
133	37	47
134	38	47
135	43	47
136	45	47
16	1	5
47	
48	49	50	51	52	
18
137	47	48
138	42	49
139	44	49
140	45	49
141	46	49
142	41	50
143	42	50
144	43	50
145	46	50
146	47	50
147	39	51
148	42	51
149	43	51
150	45	51
151	38	52
152	39	52
153	40	52
154	41	52
17	5	4
48	49	50	51	52	
53	54	55	56	
11
155	44	53
156	47	53
157	50	53
158	51	53
159	52	53
160	45	54
161	52	54
162	43	55
163	49	55
164	43	56
165	50	56
18	3	3
53	54	55	
57	58	59	
13
166	47	57
167	48	57
168	49	57
169	51	57
170	53	57
171	47	58
172	49	58
173	55	58
174	46	59
175	49	59
176	50	59
177	51	59
178	52	59
19	3	2
56	57	58	
60	61	
6
179	50	60
180	52	60
181	58	60
182	49	61
183	50	61
184	53	61
